the format of the input data


KBItemEmbedding:
1718 -0.011626 0.03578 -0.032353 0.048676 -0.084878 -0.038393 0.22854 -0.04988 0.118909 -0.061325 0.17027 -0.000631 -0.021199 -0.038525 0.037025 -0.057737 -0.020059 -0.116256 -0.048649 -0.058777 -0.007314 0.071943 0.041284 -0.15688 -0.060524 0.020397 0.185895 0.045574 0.036091 -0.065241 -0.087173 0.105888 -0.025143 -0.051013 -0.169146 0.015477 0.10319 0.054349 0.029746 -0.035291 -0.05659 0.029063 0.017342 0.010547 0.05569 -0.031842 -0.05815 0.105882 -0.007397 -0.017501 -0.027907 0.005455 -0.034603 0.076084 -0.02839 -0.013211 0.101262 0.021428 0.160653 -0.105185 -0.006685 0.060842 0.163611 -0.004542
593 -0.037981 -0.112478 -0.042208 0.054502 -0.127375 -0.145094 0.062205 0.085124 0.160117 -0.1327 0.199481 0.047681 -0.053866 -0.020896 0.114091 -0.070811 0.182289 -0.14341 -0.159238 -0.158712 0.164421 -0.14673 0.099783 -0.16044 -0.045974 -0.142431 -0.023127 -0.139083 0.092906 0.064409 -0.101156 -0.019264 -0.007307 -0.154194 -0.084946 0.141876 0.184506 0.131259 -0.065799 -0.008023 -0.048004 0.150572 -0.095336 -0.077721 -0.110063 -0.169699 -0.199978 0.129993 -0.039512 -0.114088 -0.009776 0.211329 -0.033511 0.141302 0.183983 0.032811 -0.070557 -0.169895 0.145261 -0.119401 0.093115 0.125797 0.234134 0.152253
1869 -0.071997 0.029122 -0.08739 0.076577 -0.053712 -0.172017 0.144366 0.062153 0.041517 0.112395 0.047672 0.062784 -0.015976 -0.028262 0.124561 -0.059878 0.103029 0.040441 -0.030874 -0.114034 -0.007089 -0.171869 -0.006302 -0.032697 -0.006854 -0.173067 0.043544 0.070176 0.051942 0.106032 -0.186355 0.058963 -0.126983 -0.15072 -0.138508 0.201693 0.165371 0.199862 -0.033954 -0.123845 -0.155288 0.112878 -0.083071 0.053377 -0.149394 -0.072968 -0.188964 0.006678 -0.161857 -0.050567 -0.079985 0.032838 -0.01064 0.086467 0.07394 0.186459 -0.160826 0.034387 0.222347 -0.101885 0.14154 0.019416 -0.013843 0.095198
344 -0.047088 -0.176781 0.135603 -0.068808 -0.126065 -0.049989 0.147441 0.095431 0.244158 0.027008 0.068996 0.260552 -0.035661 0.025819 0.103072 -0.078951 0.033522 -0.042391 -0.14014 -0.015586 0.061944 -0.076591 0.067528 -0.120899 0.15162 -0.042526 -0.000785 0.20902 0.062198 0.046372 -0.119443 -0.201768 0.118718 -0.070847 -0.169017 0.074635 -0.06624 0.036516 0.077398 -0.197901 -0.239375 0.080155 -0.136181 -0.053704 -0.130111 -0.05623 -0.149267 0.038968 -0.157331 -0.201334 -0.100544 0.126224 -0.060122 0.014819 0.18495 -0.019611 -0.078569 0.018779 0.123362 -0.156541 0.14917 0.09562 0.048956 0.038074
345 -0.093934 -0.122327 -0.065908 0.040745 -0.162366 0.003724 0.062452 0.074396 0.129827 -0.005004 0.180491 0.139031 -0.158331 -0.001795 0.106208 -0.095302 0.161739 -0.002462 0.034503 -0.12627 0.256244 -0.181487 -0.008198 -0.070628 -0.034666 -0.222997 0.017083 0.049866 0.141173 0.129642 -0.157106 -0.102235 0.140535 -0.203457 -0.068045 0.08975 0.077227 0.056613 0.044842 -0.098957 -0.277149 0.085011 -0.120456 -0.086117 -0.038767 -0.031963 0.004708 0.21386 -0.125858 -0.11521 -0.120199 0.211018 -0.023416 0.156221 -0.013097 0.183022 -0.137765 -0.204207 0.195335 -0.040459 0.032978 0.086441 0.026936 0.011386
346 -0.168203 -0.044838 0.023398 0.120027 -0.078515 -0.024571 -0.08632 0.009474 0.070839 0.004778 0.176356 0.122345 -0.11804 -0.074945 0.03958 -0.153135 0.211514 -0.039388 -0.282231 -0.009038 0.275425 -0.128765 0.036958 -0.055348 0.03432 -0.165017 0.004154 0.101126 0.092751 0.073266 0.031351 -0.069479 0.111362 0.024687 -0.060696 0.133481 0.004735 0.211893 -0.005973 -0.091115 -0.24013 0.117088 -0.025459 -0.048264 -0.272758 -0.131633 -0.107125 0.061562 -0.024653 -0.021437 0.009322 0.147036 -0.162129 0.109591 0.121836 0.036516 -0.26164 -0.17017 0.18669 -0.01876 0.084247 0.054529 0.057106 0.09133
347 0.016618 -0.080088 -0.135818 0.085984 -0.061075 -0.102279 -0.077071 0.087796 0.121391 0.126129 -0.032285 -0.019208 -0.008498 0.082965 0.221459 -0.098695 0.044037 0.059982 -0.100866 0.014603 0.062667 -0.210854 0.078013 -0.187836 -0.031933 -0.107702 0.154246 0.058438 0.069152 0.03402 -0.01858 0.024888 0.092287 -0.220893 -0.071215 0.166573 0.172372 0.075016 -0.023842 -0.088005 -0.254338 0.151821 0.052558 -0.101001 -0.046396 -0.028603 -0.093102 0.044516 -0.106703 -0.154993 -0.130676 0.104221 -0.022146 0.061291 0.119229 0.099546 -0.146994 -0.158048 -0.021128 -0.125207 0.010069 0.244109 0.113783 0.152959


r_matrix:
0.096884 0.187461 -0.173882 0.087738 0.050781 0.135005 0.065186 0.125763 0.063184 0.118121 -0.180073 -0.124230 -0.082231 -0.142281 -0.148663 -0.127811 -0.119814 0.072147 0.171940 0.158936 -0.123334 0.129865 0.141582 0.100589 0.166626 0.165982 -0.168934 0.123734 -0.148123 -0.136844 0.111697 -0.098416 -0.086682 0.160985 -0.071448 -0.162053 0.112313 0.100924 0.130028 0.106989 0.158086 0.100842 0.066329 0.119343 -0.081605 -0.088871 0.166263 -0.111898 0.152778 0.131239 0.115127 0.076509 0.086033 -0.158718 0.090115 0.117015 0.135027 0.120221 0.106988 -0.095222 -0.121262 0.074212 -0.143707 0.087246
0.048289 -0.086348 -0.230723 -0.011763 -0.004540 -0.041489 0.028464 0.062751 0.025388 0.182816 0.000690 0.113011 0.043307 -0.195020 0.027553 -0.038579 0.029216 0.046015 -0.176312 -0.024338 -0.005342 -0.062960 0.035688 -0.041409 0.127287 -0.030166 0.034218 0.168276 0.065697 0.019473 0.029795 0.013488 0.002413 -0.025041 -0.135223 0.013917 0.055511 0.025105 0.065594 -0.019122 -0.185187 -0.020876 0.005335 -0.178125 -0.163880 -0.090340 -0.031151 -0.004053 -0.130115 -0.080838 -0.016302 0.113348 -0.015729 0.009021 0.036067 0.050214 -0.049109 -0.030352 0.016430 -0.016788 0.011263 0.017217 -0.026664 -0.004955
0.109210 0.194195 0.203480 0.102517 0.163755 0.188017 0.052227 -0.192612 0.014662 -0.190351 -0.067523 0.002617 0.129352 0.164347 0.057995 0.180593 0.051689 -0.131599 -0.043284 0.122552 -0.093033 -0.040171 -0.189732 -0.059795 -0.142757 -0.014845 -0.084407 -0.038916 0.084789 -0.153505 0.128042 0.181852 0.078930 0.113913 -0.059207 0.017933 -0.194188 0.058879 -0.180982 -0.032209 0.130187 -0.005633 -0.053953 0.221466 0.149866 0.173898 -0.101890 0.019436 -0.034934 0.052563 -0.072300 -0.001599 0.114547 -0.183686 0.134749 0.036422 0.165904 0.182252 -0.030907 0.184757 -0.166926 0.023669 -0.174183 -0.107714
0.061262 -0.053302 0.183081 0.022005 0.027002 -0.024023 -0.067420 -0.227195 -0.033661 -0.189557 -0.049533 -0.000555 -0.066799 0.161949 -0.060251 0.226056 -0.133418 -0.009348 0.061190 0.024706 -0.176720 0.025592 -0.155667 0.218795 -0.039848 0.029421 -0.102979 -0.166424 -0.184425 0.023944 0.184663 0.111142 0.022646 -0.021016 0.318964 -0.059826 -0.130738 -0.081001 0.095305 0.190618 0.049692 -0.097838 0.186161 0.150107 0.026410 0.179583 -0.036373 -0.051580 0.014221 0.040845 0.239846 -0.016350 0.054954 -0.093125 0.108616 -0.147828 0.035994 0.171885 -0.224820 0.044240 -0.211150 -0.113304 -0.012321 0.039293
0.001085 -0.026744 -0.008847 0.017713 -0.008471 -0.016761 -0.014983 0.008188 0.000978 0.004550 -0.005549 -0.006840 -0.010063 -0.000737 0.021787 -0.007590 0.004149 -0.005617 -0.024368 0.005163 0.022089 -0.009997 0.014513 -0.011940 -0.003452 -0.024980 -0.005329 -0.002611 0.012544 0.009834 -0.004067 -0.014684 0.021257 -0.002403 0.008438 0.021666 -0.008512 -0.016873 -0.003801 -0.022992 -0.005243 -0.007182 -0.006208 -0.022311 -0.005441 -0.005062 -0.004501 0.009258 -0.009654 -0.010813 -0.004327 0.011343 0.003473 -0.000387 0.014100 0.010559 -0.013063 -0.012381 -0.003245 0.010397 0.016976 -0.009229 0.018664 0.016351
0.147484 0.105664 0.164660 -0.135035 0.146201 -0.063159 -0.088333 0.140077 0.087203 0.104467 -0.184611 0.126993 -0.152615 0.038207 -0.042660 0.148731 0.113493 0.006891 0.129734 0.149260 -0.149773 0.182917 0.136514 -0.100134 0.158330 0.222523 0.089996 -0.138962 0.044071 0.065626 0.175454 0.051013 -0.175040 0.134347 0.106274 -0.154879 -0.161687 -0.102218 0.120399 0.197589 -0.109144 0.074656 -0.036273 -0.086886 -0.141017 0.168869 -0.043267 0.060596 -0.087185 -0.122655 0.115721 -0.097489 -0.122662 0.055978 0.080591 0.113402 0.163091 0.132242 0.116380 0.181753 0.124575 -0.125873 0.116792 -0.013000
0.156092 0.177205 0.220812 0.085614 0.202236 0.107437 0.052760 -0.156079 0.068964 -0.170279 -0.149982 -0.049650 0.147237 0.186647 0.062648 0.160749 0.028810 -0.119250 0.068579 -0.026545 0.008890 -0.058540 -0.203971 -0.033903 -0.089354 0.199734 0.003745 -0.080467 -0.187157 -0.175957 0.014810 0.091499 -0.024563 0.053197 -0.060159 -0.080467 -0.236333 -0.048147 -0.141589 -0.029545 0.154242 0.067534 0.031840 0.180454 0.118162 0.202055 0.005841 0.072022 -0.071963 0.137224 0.007894 -0.075853 -0.062630 -0.208167 0.118941 0.067591 0.165046 0.127317 -0.033824 0.187709 -0.237054 0.061605 0.068172 0.080040
0.044365 -0.048191 0.181450 -0.032460 0.117886 0.078480 -0.085242 -0.264987 -0.035063 -0.175914 -0.050994 -0.052760 -0.045982 0.154676 -0.014822 0.248048 -0.160394 -0.018297 -0.006551 0.001328 -0.146418 0.068577 -0.151237 0.104756 -0.090064 -0.015803 -0.023105 -0.186409 -0.165982 -0.029935 0.090035 0.007479 0.048595 0.099631 0.040334 -0.030390 -0.306040 -0.213340 0.060670 0.156391 0.047035 -0.073327 0.127164 0.158658 0.003102 0.258218 -0.045672 -0.080348 0.007577 0.154877 0.128017 0.022208 0.094771 0.008236 0.080229 -0.239132 -0.025431 0.176700 -0.124907 0.041968 -0.200715 -0.022729 0.027355 0.016569


ItemEmbedding:
1198 -0.114104462 -0.249689648 0.276000943 0.049226130 -0.540539491 -0.026285654 0.394253332 0.209261633 0.371757419 -0.420851868 -0.390639319 0.583872708 0.062905585 -0.159638351 0.123331089 -0.054749571 0.390716653 -0.101432437 -0.179934706 0.350216504 0.589984995 0.177459671 0.072960387 -0.377225756 -0.112123498 0.392313201 0.208275261 -0.435652261 -0.147925229 -0.321178949 -0.540042157 0.221378217 0.159847379 -0.356198037 0.159337146 0.082659400 -0.021112519 0.464764260 -0.007245391 0.142691226 0.151084646 0.312611311 -0.364867830 -0.098161416 -0.393867883 -0.074633223 -0.015390673 -0.355137228 0.167490104 0.123602596 0.404007486 0.300221049 -0.287868850 -0.061715815 0.810775523 0.201228829 0.016668122 0.037609133 0.366776787 -0.589360779 -0.063853441 -0.484217715 -0.488952026 -0.124121221 -0.418860219 0.544135326 -0.020119840 -0.237092614 0.195832243 0.326787825 0.094611601 -0.572623208 -0.156573739 -0.180359770 -0.413809502 0.048166651 -0.239608208 -0.227768864 0.563215330 -0.112580975 0.226068352 0.217743301 -0.157147144 0.611636724 -0.091187150 -0.461385996 -0.064091074 0.430612589 -0.164215777 -0.166052404 -0.358630090 -0.024077848 0.011315099 0.529992049 -0.538971608 0.286055569 -0.332898322 0.497888801 0.249957878 0.514034461 0.303520522 -0.446771626 0.043789086 -0.256905515 0.120585611 -0.371217025 0.033815086 0.251665580 -0.021947289 -0.013510604 -0.085948914 -0.160726337 -0.087833345 0.080167196 -0.014964817 0.042478645 0.327812574 -0.248335645 0.022943284 -0.114913543 -0.263504598 -0.551280791 0.186171385 -0.007420754 0.331716027 0.018645347 -0.130942715 0.175355943 0.338439878 0.314857949 0.574386313 0.101897699 0.048330560 0.049341378 -0.135196731 -0.096566029 -0.010063971 -0.082774412 0.151256260 0.164145475 0.522589604 0.123471472 -0.289041647 0.161314825 0.567617771 0.126636667 0.652395097 0.006777477 -0.183270911 0.014710378 -0.297861151 0.147102773 0.292582259 0.096445654 -0.543643252 0.365499871 -0.075840454 -0.010155409 -0.108055720 -0.058478311 -0.222811681 -0.225155960 0.051553429 0.385289165 -0.481236786 0.021199793 -0.103037404 -0.246218172 0.171874951 0.045930136 -0.331355660 0.316473883 0.281777306 0.212063599 -0.040917864 0.302576831 -0.437602030 -0.159353767 0.275135923 -0.197432454 -0.031775498 0.161721835 -0.084036038 0.005523571 0.088149176 -0.248495359 -0.108018210 0.088996739 -0.230432330 -0.383458545 0.240926961 -0.076461984 0.402232755 0.557341933 -0.090094801 0.066560209 0.385947893 -0.105861558 -0.045178477 -0.181825757 0.206770131 0.195494062 -0.241529713 -0.125957747 -0.220413027 0.385651449 -0.090071280 0.089917388 -0.496223522 -0.158886179 0.129615745 0.162712454 -0.087674035 -0.040918152 -0.197071001 0.360331243 -0.001491648 -0.025142252 -0.752168300 -0.208976535 0.105021591 0.332642715 0.204153698 -0.261442699 -0.321903616 -0.500573656 0.362121233 0.422452072 -0.246043242 -0.002328658 0.067755115 -0.099118705 -0.387945847 0.101431289 0.473536651 -0.914931745 0.001115130 -0.163954724 0.843504218 -0.248648758 -0.683630785 0.378436249 0.249820360 0.040186512 -0.089893561 0.432835452 0.125338714 0.528132683 0.078887724 -0.093698039 0.131446069 0.147196539 0.115218202 0.746595853 0.095932160 -0.677341534
356 -0.007477610 -0.111676522 0.233591349 -0.116156941 -0.608959364 0.031513341 0.649278722 -0.072872541 0.329021072 -0.436472190 -0.095656090 0.811110056 -0.116186770 -0.089454757 0.004913156 -0.191522415 -0.107117829 -0.307460332 -0.035321853 0.188768695 1.026279218 0.223151487 -0.009251833 -0.539635205 0.019222723 0.217498816 -0.111215745 -0.700084591 -0.165846443 -0.031987297 -0.720291221 -0.022185601 0.311775586 -0.466085065 0.126834561 -0.147957962 -0.436634532 0.314724723 -0.346189839 0.051173318 0.094385200 0.027636553 -0.115265325 -0.341919954 -0.196800479 0.059038610 -0.332039293 -0.315627352 0.070119564 0.176394986 0.415355912 0.266079657 -0.078991924 0.076611860 0.561631440 0.166880213 0.220379690 -0.029465143 0.534578368 -0.358911759 -0.084469342 -0.543022952 -0.485933005 -0.075306644 -0.291585721 0.479270049 0.140002605 -0.189430295 0.342819731 0.274042212 0.149278136 -0.753345419 -0.147496531 0.137698118 -0.350805855 -0.045175392 -0.236833019 -0.297895048 0.775810781 0.119672893 0.113323741 -0.094329678 -0.153347368 0.021421733 -0.036017014 -0.439292898 0.104170674 0.462809235 -0.143688825 0.225426277 -0.206981928 -0.231041150 0.089452396 0.247256167 -0.160059428 -0.155376793 -0.299662696 0.615400657 0.046976993 0.497638277 0.496712370 -0.223337076 0.057644196 -0.459732415 -0.005272342 -0.259128873 0.377755544 0.431340541 0.065420632 0.070953991 -0.154333960 -0.236265750 -0.133587291 0.096521191 0.115069603 -0.092817300 0.433841530 -0.079684518 0.068453607 -0.330165969 0.056992485 -0.195907097 -0.055454056 -0.121681549 0.189213820 -0.031940697 -0.142602988 -0.151965471 0.359914051 0.239488847 0.527602591 -0.180103044 0.436812483 0.243302784 -0.199743899 -0.101475586 -0.139618607 0.104688262 -0.027102029 -0.007605044 0.143062833 0.326673072 -0.697999877 0.113684085 0.308416543 0.075432730 0.729618656 0.057266187 -0.112133027 0.136959975 -0.506861845 0.313287409 0.334560475 -0.012234777 -0.251727256 0.358323110 -0.127310101 0.102100029 -0.351842297 -0.142620618 -0.451196902 -0.108193587 0.095901326 0.489336823 -0.378152576 -0.016736388 0.184152455 -0.434105879 -0.000308270 0.386903450 -0.162628777 0.453875964 0.522549219 -0.130085316 0.226931577 0.361324011 -0.444296604 -0.159816919 0.438937311 0.166921073 -0.012308170 0.174302122 0.024758913 -0.041085921 0.286799767 0.313964975 -0.015535483 0.298487208 0.068698682 -0.276779958 0.006738649 -0.036376382 0.367748419 0.564864379 0.101087579 -0.188552705 0.290576046 -0.096186545 -0.158189375 -0.077263124 0.131416424 0.332235280 0.196122669 -0.259773515 -0.116061380 0.299640854 -0.138915375 -0.108682788 -0.331787678 -0.257883152 0.001421693 -0.166609620 -0.246923301 0.017406670 -0.322456789 0.192547618 0.085423952 -0.097155205 -0.561461341 0.095494810 0.086221691 0.135520324 -0.086996846 -0.490937342 -0.348568317 -0.192771073 0.187304465 0.710201950 -0.244967584 0.231643507 0.244678967 -0.396973098 -0.023933597 -0.060775610 0.559593680 -0.839836107 -0.197047066 0.318926524 0.511257911 -0.501101355 -0.403492498 0.302549522 0.251872338 -0.056720691 0.267088429 0.092411726 0.071069602 0.399153846 -0.078295824 -0.520627807 0.257166940 0.131062437 0.348507044 0.515461863 0.223589018 -0.479573311
3552 0.417535454 -0.281291450 0.211485100 0.182528062 -0.104129812 -0.447041822 0.655039417 -0.557640656 -0.131935566 -0.199279975 -0.064158925 0.327977419 -0.137244995 0.307834395 0.166376216 -0.552064696 0.036593593 0.188728086 0.340424176 0.516622818 0.146698359 -0.176665245 0.021954359 -0.127707898 -0.664207250 0.394027162 0.270889655 0.068431320 0.092741655 0.242661143 -0.332005448 -0.213990130 -0.074235806 -0.157766170 0.026705761 -0.386021126 0.074971846 0.561205276 -0.302299344 0.088921441 0.386717515 0.302931793 0.120860443 -0.282632820 -0.106483254 0.069185984 -0.187580957 -0.637914469 0.102904292 0.269165162 0.395823626 0.383236697 -0.407958935 -0.095300074 0.580922798 -0.460247838 0.076055841 -0.073338275 0.153773133 -0.641371895 -0.138424387 -0.322945164 -0.225675957 -0.466643587 0.012806585 0.604801217 0.022218015 -0.060524020 0.644758544 0.137222099 0.189596424 -0.351532129 0.232813539 -0.473048607 -0.118410012 -0.145269016 -0.252225177 -0.035068349 0.162606474 -0.418221700 0.370722925 0.190168690 0.246727992 -0.093287225 0.262068563 -0.372018279 0.132052782 0.354667222 -0.168826525 0.051006502 -0.049515272 0.079359514 0.015278363 0.256039168 0.082661495 0.183094422 -0.216902065 0.060342393 -0.074061349 0.318156530 0.152875023 0.356481797 -0.114975421 -0.469121413 -0.350384009 -0.009155059 -0.316062538 0.170892671 -0.279555630 -0.269430970 -0.120702918 -0.128785647 0.255104115 0.455315489 -0.248395952 0.010763653 0.521538714 -0.144602994 0.665468128 -0.452251665 -0.241257430 -0.192792375 -0.284754752 0.469049193 0.244449717 0.058257254 -0.314339017 0.038357866 -0.110940235 0.360775353 0.296069516 -0.477212875 0.266053827 0.320737699 0.023701676 0.091170598 -0.138991451 0.488952748 0.218700055 0.199479770 0.295968054 0.229341994 -0.546334394 -0.110936103 0.610822852 0.584294498 0.286092455 0.252523209 -0.075311346 -0.088734010 -0.304798606 0.273779190 0.502241109 -0.383186754 -0.186017128 0.384511888 -0.143094087 -0.130595496 -0.335538579 -0.218726325 -0.494325386 -0.278830860 0.162443063 0.456440544 -0.401543991 -0.174661096 -0.119898565 -0.315215395 -0.454625664 0.280281225 -0.373233800 0.275034563 0.123171096 0.436981156 -0.187128271 0.120315224 -0.645695367 0.501533460 0.345720138 -0.089594052 0.244707457 -0.391806231 0.124350261 0.136339141 0.168262177 0.276362077 -0.025869429 -0.045521068 -0.084658655 0.312358016 -0.242967636 0.303254057 0.345140065 0.746315280 -0.467239007 0.571045685 -0.008149340 0.445003276 0.425195664 -0.220374017 0.077760454 0.273683759 -0.161175958 0.169219314 0.327913702 -0.015477689 0.440639879 -0.412033711 -0.245762889 0.001046463 -0.160416583 0.268060582 -0.519493537 0.046827936 -0.041278954 -0.149424120 -0.125554231 -0.021350022 -0.226953050 -0.158436530 0.085434785 0.052318766 0.232890928 -0.182699127 -0.521881589 0.022476482 0.218135655 0.440665875 -0.572861882 -0.791751705 0.530666164 0.125130720 0.008531491 0.123906137 0.373861416 -0.188503885 0.197767749 0.284525073 0.136250517 -0.223869516 -0.252625824 0.179590861 -0.268577715 0.036670308 0.121888990 0.254263697 0.021904234 0.483248426 -0.285665624 -0.005338826 0.424245738 0.153980872 0.191751646 0.413609601 0.412315697 -0.357448410
3246 -0.043525406 0.178204549 0.030884996 -0.383374223 0.319648228 0.460721166 0.181931990 -0.153667020 0.278293849 0.254958160 -0.030714805 0.321210257 0.168151149 -0.335788963 0.206834791 0.422910801 0.671672338 -0.157698653 -0.014616515 -0.516036153 0.888638848 -0.059294520 -0.944503235 -0.158479864 -0.074021265 0.314927500 -0.006288411 -0.176737888 -0.033015388 -0.208800362 0.065138141 0.082882746 0.017798467 -0.604190785 -0.170893514 -0.018068042 -0.089499105 0.230973491 0.186429492 0.719626260 0.240210596 0.411284773 -0.230443512 -0.302476032 -0.661280302 0.225217803 0.688702219 -0.095257055 0.926877744 0.233607930 0.001094770 0.236054416 -0.223545025 0.316393373 -0.222085023 -0.242468910 0.278123655 0.119743975 0.011412388 0.004060469 0.485996858 -0.152452354 0.235568589 -0.340429510 -0.310211379 -0.024933584 -0.528266499 0.347863749 0.252280564 -0.253633918 -0.554714444 -0.462343528 0.037463696 -0.246256809 -0.102436406 -0.121821053 -0.234256326 0.215316107 -0.301671747 -0.341418575 -0.064648385 -0.592237378 0.314683862 0.161787856 -0.235716875 -0.004266036 -0.440869670 -0.129815970 0.141011173 -0.361571274 -0.006415604 0.332069570 -0.122740052 -0.251999898 -0.283563446 -0.098143985 -0.839704395 0.114091740 -0.065193022 0.003202567 0.060877993 -0.238218822 0.119535969 -0.841192996 0.278356033 0.142357332 0.869845582 0.595547761 0.395241522 -0.358575599 0.431753865 0.255558016 -0.279744330 -0.172638368 0.096038147 -0.049093433 0.308899066 0.008601978 -0.011635174 -0.024792023 0.582142563 -0.435903041 -0.524344449 -0.559416625 0.119620881 0.407369516 0.111225203 -0.187822786 0.429320098 0.421167658 -0.091089717 0.165689793 1.006327947 0.732433783 -0.003420147 -0.054842102 0.271068148 -0.034712964 0.314738085 0.669754154 0.081677121 -0.010600123 0.150605375 0.427663537 -0.219456818 0.595706698 0.423810670 0.338355522 -0.133250876 0.097449373 -0.294434267 0.037441951 0.177915817 0.473210727 0.362648596 -0.412322002 0.013031325 -0.786841274 -0.151840304 0.321958876 -0.147073516 -0.189528266 -0.052884501 0.085979397 -0.115401903 0.032177699 0.089584998 0.071324788 0.245201505 0.000266935 0.055033995 0.047399175 -0.100184952 -0.652940872 -0.269766426 -0.050313685 -0.218341614 -0.630937251 0.228393975 -0.314878128 -0.513469099 -0.146460677 0.010650765 -0.005326979 -0.507671135 0.730177574 0.353541286 -0.175897365 -0.204619866 -0.216034921 0.112700331 -0.255176162 -0.363623028 0.316959323 -0.537939862 0.040558531 -0.505349430 0.439982400 -0.039542616 0.025644927 -0.615790110 0.065660915 0.039917093 -0.290416513 -0.281730331 0.635663845 -0.447712918 0.068692473 -0.445326537 0.279137445 0.513658733 -0.221504210 -0.366370863 -0.213779332 0.000311393 -0.360862241 -0.073152018 0.036298636 -0.684272470 0.251453176 -0.137652019 -0.132044623 0.006822961 -0.082066100 -0.524468808 0.287736442 0.006083416 -0.292708002 0.046756830 0.289078804 0.103069989 0.342889615 -0.247667135 -0.213614699 0.471050597 0.406013808 -0.000758316 0.523088061 0.243586944 -0.002653821 -0.071317584 0.051022196 0.063293240 0.076552450 0.118619851 0.124918903 0.415273447 -0.613145186 -0.122503642 0.452674551 0.245847038 0.082860805 0.404045666 0.321160275 -0.062180122 0.391748453

